Validation Accuracy: 0.91
Test Accuracy: 0.91

Classification Report:
              precision    recall  f1-score   support

           0       0.95      0.92      0.93       120
           1       0.98      1.00      0.99       120
           2       0.88      0.72      0.79       120
           3       1.00      1.00      1.00       120
           4       0.93      0.97      0.95       120
           5       0.97      0.96      0.97       120
           6       0.77      0.93      0.84       120
           7       0.96      0.92      0.94       120
           8       0.90      0.88      0.89       120
           9       0.98      0.82      0.89       120
          10       0.84      0.91      0.88       120
          11       0.84      0.93      0.88       120

    accuracy                           0.91      1440
   macro avg       0.92      0.91      0.91      1440
weighted avg       0.92      0.91      0.91      1440

--- Výsledky krížovej validácie ---
Presnosti pre jednotlivé foldy: [0.90238095 0.9047619  0.89404762 0.89285714 0.9        0.89880952
 0.90119048 0.89642857 0.91428571 0.90833333]
Priemerná presnosť: 0.90
Štandardná odchýlka: 0.01

--- Výpočtové hodnoty pre validačnú množinu ---
FP_val: [ 7  6 19  0 17  7 63  1 18  7 21 25]
FN_val: [13  1 56  0  8 10 20 22  9 30 15  7]
TP_val: [167 179 124 180 172 170 160 158 171 150 165 173]
TN_val: [1973 1974 1961 1980 1963 1973 1917 1979 1962 1973 1959 1955]
FPR_val: [0.00353535 0.0030303  0.00959596 0.         0.00858586 0.00353535
 0.03181818 0.00050505 0.00909091 0.00353535 0.01060606 0.01262626]
Priemerný Validation FPR: 0.01

--- Výpočtové hodnoty pre testovaciu množinu ---
FP_test: [ 6  3 12  0  9  3 34  4 12  2 20 21]
FN_test: [10  0 33  0  3  5  9 10 14 22 11  9]
TP_test: [110 120  87 120 117 115 111 110 106  98 109 111]
TN_test: [1314 1317 1308 1320 1311 1317 1286 1316 1308 1318 1300 1299]
FPR_test: [0.00454545 0.00227273 0.00909091 0.         0.00681818 0.00227273
 0.02575758 0.0030303  0.00909091 0.00151515 0.01515152 0.01590909]
Priemerný Test FPR: 0.01
