XGBoost Model Parameters:
objective: multi:softmax
num_class: 12
max_depth: 6
learning_rate: 0.1
subsample: 0.8
colsample_bytree: 0.8
seed: 42
Number of Boosting Rounds: 100

Cross-Validation Settings:
Number of Folds: 10
Early Stopping Rounds: 10

Cross-Validation Results:
    train-mlogloss-mean  train-mlogloss-std  train-merror-mean  train-merror-std  test-mlogloss-mean  test-mlogloss-std  test-merror-mean  test-merror-std
0              2.026912            0.002186           0.089630          0.002696            2.038298           0.004688          0.115694         0.009339
1              1.750158            0.002077           0.079090          0.002379            1.771476           0.007331          0.103472         0.009567
2              1.542484            0.002153           0.073457          0.001815            1.571619           0.009866          0.096944         0.011534
3              1.376023            0.002003           0.069244          0.002304            1.410893           0.011651          0.094028         0.013015
4              1.239916            0.002397           0.065525          0.001824            1.280700           0.013249          0.090694         0.012061
5              1.123400            0.002607           0.062546          0.002029            1.169233           0.013973          0.090972         0.012596
6              1.024768            0.002571           0.060586          0.001893            1.074666           0.014661          0.089583         0.012565
7              0.938291            0.002769           0.058935          0.001621            0.992268           0.015304          0.087639         0.011257
8              0.861250            0.002730           0.057423          0.001510            0.919511           0.015656          0.087222         0.010050
9              0.793695            0.002670           0.055818          0.001584            0.855618           0.016524          0.086389         0.011073
10             0.734134            0.002546           0.054954          0.001369            0.798799           0.017315          0.086111         0.011352
11             0.679979            0.002548           0.053364          0.001389            0.748153           0.017681          0.085000         0.010592
12             0.631978            0.002472           0.052284          0.001221            0.702984           0.017703          0.084444         0.010390
13             0.588083            0.002466           0.051142          0.001428            0.661859           0.018023          0.084583         0.010712
14             0.548268            0.002389           0.050062          0.001393            0.624600           0.018168          0.083472         0.010979
15             0.512097            0.002617           0.048395          0.001511            0.591166           0.017716          0.082917         0.010301
16             0.479186            0.002769           0.047269          0.001522            0.560668           0.017801          0.082083         0.011342
17             0.448934            0.003029           0.046219          0.001746            0.532787           0.018031          0.080556         0.010918
18             0.421482            0.002938           0.045201          0.001603            0.507497           0.018173          0.078889         0.010647
19             0.396237            0.002821           0.043981          0.001676            0.484137           0.018612          0.078472         0.010691
20             0.373010            0.002863           0.043009          0.001477            0.463298           0.018753          0.078056         0.010610
21             0.351344            0.002772           0.041667          0.001375            0.443859           0.018639          0.077500         0.009313
22             0.331323            0.002713           0.040910          0.001376            0.425854           0.018393          0.076528         0.009180
23             0.313093            0.002573           0.039815          0.001231            0.409712           0.018456          0.076111         0.010808
24             0.296070            0.002690           0.039167          0.001510            0.395087           0.018414          0.075833         0.010816
25             0.280377            0.002588           0.037840          0.001494            0.381486           0.018411          0.075972         0.010016
26             0.266053            0.002531           0.036651          0.001534            0.368777           0.018256          0.075139         0.010290
27             0.252633            0.002485           0.035988          0.001567            0.357133           0.018392          0.074167         0.010096
28             0.239810            0.002423           0.034753          0.001504            0.346184           0.018684          0.074444         0.010508
29             0.228167            0.002415           0.033781          0.001565            0.336425           0.018629          0.074583         0.010320
30             0.217496            0.002562           0.032855          0.001753            0.327196           0.018797          0.074306         0.010564
31             0.207381            0.002479           0.031852          0.001651            0.318686           0.019086          0.073472         0.010549
32             0.197953            0.002432           0.031003          0.001435            0.310944           0.019390          0.073611         0.010918
33             0.189143            0.002492           0.030077          0.001376            0.303607           0.019279          0.073472         0.010513
34             0.180950            0.002594           0.029120          0.001276            0.297160           0.019357          0.072361         0.010062
35             0.173276            0.002406           0.028179          0.000837            0.290936           0.019545          0.072639         0.009900
36             0.166038            0.002383           0.027238          0.001190            0.285148           0.019608          0.072083         0.009671
37             0.159446            0.002283           0.026605          0.001239            0.279709           0.019759          0.071667         0.009844
38             0.153130            0.002309           0.025741          0.001238            0.274888           0.019982          0.070833         0.010467
39             0.147188            0.002278           0.024938          0.001312            0.270389           0.019799          0.070972         0.010005
40             0.141496            0.002102           0.024228          0.001276            0.266062           0.020168          0.070278         0.009506
41             0.136066            0.001967           0.023410          0.001183            0.261922           0.020310          0.070556         0.009436
42             0.130979            0.002143           0.022407          0.001055            0.258428           0.020554          0.070556         0.009209
43             0.126319            0.002133           0.021713          0.001067            0.255130           0.020814          0.070278         0.009048
44             0.121678            0.002060           0.020941          0.000934            0.252072           0.020795          0.070000         0.008898
45             0.117536            0.002110           0.020309          0.000865            0.249207           0.021001          0.069861         0.008829
46             0.113456            0.002105           0.019444          0.000910            0.246542           0.021109          0.069306         0.008772
47             0.109690            0.002047           0.018827          0.000769            0.244088           0.021043          0.069722         0.009018
48             0.105908            0.002053           0.018133          0.000705            0.241912           0.021156          0.069444         0.009338
49             0.102251            0.002057           0.017377          0.000843            0.239622           0.021181          0.069028         0.008981
50             0.098955            0.002103           0.016574          0.000832            0.237664           0.021254          0.069028         0.009214
51             0.095837            0.002059           0.015880          0.000500            0.235911           0.021507          0.069167         0.009395
52             0.092828            0.001995           0.015062          0.000553            0.234120           0.021787          0.069444         0.009702
53             0.089928            0.002005           0.014460          0.000673            0.232508           0.021971          0.069167         0.009313
54             0.087243            0.002016           0.013951          0.000614            0.231015           0.022217          0.069167         0.009061
55             0.084723            0.001916           0.013395          0.000665            0.229525           0.022279          0.069167         0.009167
56             0.082297            0.001894           0.012840          0.000632            0.228161           0.022323          0.069722         0.009375
57             0.079888            0.001797           0.012485          0.000688            0.226881           0.022359          0.069167         0.009718
58             0.077545            0.001699           0.011960          0.000890            0.225753           0.022375          0.069306         0.009409
59             0.075353            0.001662           0.011559          0.000869            0.224645           0.022357          0.069444         0.009399
60             0.073223            0.001493           0.011188          0.000744            0.223680           0.022453          0.068472         0.009256
61             0.071131            0.001387           0.010772          0.000643            0.222529           0.022333          0.068472         0.009109
62             0.069145            0.001288           0.010247          0.000553            0.221754           0.022423          0.067778         0.008444
63             0.067248            0.001353           0.009907          0.000700            0.220906           0.022696          0.068056         0.009440
64             0.065402            0.001304           0.009429          0.000715            0.220105           0.022922          0.067222         0.009196
65             0.063662            0.001297           0.009012          0.000540            0.219389           0.022928          0.067500         0.009217
66             0.061981            0.001285           0.008611          0.000568            0.218747           0.023012          0.067083         0.008675
67             0.060297            0.001418           0.008086          0.000570            0.218175           0.022924          0.067222         0.008984
68             0.058640            0.001397           0.007531          0.000516            0.217691           0.023010          0.066806         0.008436
69             0.057139            0.001323           0.007191          0.000544            0.216836           0.023060          0.067083         0.008829
70             0.055777            0.001281           0.006852          0.000438            0.216284           0.023096          0.066389         0.008282
71             0.054391            0.001217           0.006481          0.000372            0.215523           0.023085          0.066111         0.008700
72             0.052974            0.001244           0.006065          0.000324            0.215199           0.023235          0.066111         0.008198
73             0.051701            0.001260           0.005694          0.000341            0.214829           0.023260          0.066250         0.008004
74             0.050413            0.001228           0.005386          0.000244            0.214429           0.023360          0.066528         0.008038
75             0.049233            0.001183           0.005201          0.000403            0.213787           0.023318          0.066389         0.008094
76             0.048078            0.001136           0.004722          0.000438            0.213491           0.023461          0.066528         0.008227
77             0.046976            0.001113           0.004522          0.000366            0.213225           0.023483          0.066944         0.008736
78             0.045886            0.001118           0.004213          0.000378            0.212809           0.023338          0.066389         0.008647
79             0.044866            0.001094           0.004043          0.000389            0.212359           0.023494          0.065972         0.008385
80             0.043896            0.001085           0.003735          0.000383            0.212055           0.023686          0.066528         0.008750
81             0.042934            0.001092           0.003488          0.000448            0.211668           0.023750          0.065972         0.008339
82             0.041955            0.001070           0.003210          0.000467            0.211485           0.023759          0.066389         0.008669
83             0.041010            0.001005           0.002978          0.000403            0.211120           0.023745          0.066111         0.008656
84             0.040097            0.000961           0.002701          0.000432            0.210751           0.023732          0.066111         0.008767
85             0.039238            0.000912           0.002577          0.000338            0.210607           0.023782          0.065972         0.009155
86             0.038405            0.000884           0.002377          0.000278            0.210357           0.023845          0.065833         0.009091
87             0.037565            0.000909           0.002253          0.000294            0.210206           0.023940          0.065972         0.009134
88             0.036825            0.000908           0.002130          0.000337            0.210240           0.024043          0.065833         0.009027
89             0.036067            0.000871           0.002006          0.000365            0.210174           0.023996          0.065972         0.009281
90             0.035345            0.000880           0.001790          0.000360            0.209979           0.024214          0.065972         0.009134
91             0.034653            0.000852           0.001651          0.000345            0.209820           0.024187          0.065417         0.009306
92             0.033946            0.000842           0.001497          0.000378            0.209667           0.024219          0.065972         0.009587
93             0.033264            0.000821           0.001296          0.000310            0.209529           0.024470          0.065556         0.009659
94             0.032596            0.000780           0.001219          0.000253            0.209398           0.024449          0.065833         0.009586
95             0.031940            0.000790           0.001142          0.000231            0.209401           0.024351          0.065556         0.008975
96             0.031330            0.000795           0.000972          0.000301            0.209215           0.024307          0.065694         0.008785
97             0.030683            0.000752           0.000864          0.000220            0.209265           0.024474          0.065833         0.008678
98             0.030063            0.000762           0.000710          0.000198            0.209281           0.024553          0.065833         0.008941
99             0.029488            0.000751           0.000586          0.000151            0.209228           0.024657          0.065833         0.009217

Validation Accuracy: 0.94
Test Accuracy: 0.94

Classification Report:
              precision    recall  f1-score   support

           0       0.96      0.95      0.96       200
           1       0.99      1.00      0.99       200
           2       0.85      0.78      0.81       200
           3       1.00      1.00      1.00       200
           4       0.96      0.96      0.96       200
           5       0.96      0.96      0.96       200
           6       0.79      0.88      0.83       200
           7       0.98      0.92      0.95       200
           8       0.96      0.96      0.96       200
           9       0.96      0.94      0.95       200
          10       0.96      0.95      0.96       200
          11       0.93      0.98      0.96       200

    accuracy                           0.94      2400
   macro avg       0.94      0.94      0.94      2400
weighted avg       0.94      0.94      0.94      2400
