XGBoost Model Parameters:
objective: multi:softmax
num_class: 12
max_depth: 6
learning_rate: 0.1
subsample: 0.8
colsample_bytree: 0.8
seed: 42
Number of Boosting Rounds: 100

Cross-Validation Settings:
Number of Folds: 5
Early Stopping Rounds: 10

Cross-Validation Results:
    train-mlogloss-mean  train-mlogloss-std  train-merror-mean  train-merror-std  test-mlogloss-mean  test-mlogloss-std  test-merror-mean  test-merror-std
0              2.030217            0.002519           0.090000          0.003653            2.041451           0.002565          0.118611         0.007600
1              1.752631            0.003602           0.078958          0.003143            1.773286           0.005559          0.102917         0.007355
2              1.545175            0.004219           0.073368          0.003032            1.573567           0.007359          0.095972         0.006476
3              1.377507            0.004142           0.068750          0.002370            1.413456           0.008825          0.093889         0.006186
4              1.240997            0.004879           0.066319          0.002568            1.282581           0.009574          0.091250         0.006374
5              1.124402            0.004843           0.062743          0.001972            1.171013           0.010702          0.089722         0.006139
6              1.025999            0.004546           0.060694          0.002002            1.077085           0.011500          0.088056         0.006579
7              0.939177            0.004822           0.058194          0.001931            0.994855           0.011550          0.086806         0.007190
8              0.862125            0.004922           0.056285          0.001765            0.922504           0.012234          0.085972         0.006964
9              0.794142            0.004849           0.055313          0.002131            0.857508           0.012358          0.086389         0.007383
10             0.734160            0.004598           0.054410          0.001904            0.800906           0.013145          0.084583         0.008115
11             0.679787            0.004514           0.052604          0.002034            0.749886           0.013366          0.084306         0.006727
12             0.631385            0.004598           0.051181          0.001748            0.704391           0.013765          0.083333         0.007670
13             0.587060            0.004954           0.050069          0.002119            0.662967           0.014155          0.083056         0.007225
14             0.547408            0.005140           0.048993          0.001782            0.626271           0.013958          0.082361         0.007357
15             0.511415            0.005012           0.047500          0.001459            0.593054           0.014162          0.081806         0.007650
16             0.478274            0.005274           0.046389          0.001608            0.562648           0.014685          0.080972         0.008094
17             0.448057            0.005150           0.045312          0.001327            0.534661           0.014875          0.080556         0.007123
18             0.420523            0.004673           0.044271          0.001103            0.509332           0.015477          0.080000         0.006852
19             0.395093            0.004710           0.043090          0.001210            0.486155           0.015483          0.079028         0.007549
20             0.371739            0.004964           0.041771          0.001631            0.465124           0.015308          0.077917         0.007381
21             0.349888            0.004930           0.040382          0.001593            0.445039           0.015396          0.075972         0.008165
22             0.329886            0.004688           0.039514          0.001682            0.427618           0.015754          0.076389         0.007428
23             0.311658            0.004878           0.038542          0.001918            0.411252           0.015657          0.076528         0.008338
24             0.294525            0.004788           0.037326          0.001457            0.396822           0.015291          0.076806         0.008546
25             0.278811            0.004723           0.036319          0.001404            0.383263           0.015715          0.076389         0.008861
26             0.264448            0.004711           0.035590          0.001208            0.370596           0.015746          0.075694         0.009244
27             0.250851            0.004527           0.034549          0.001257            0.358835           0.015817          0.074722         0.009302
28             0.238126            0.004662           0.033437          0.001383            0.347887           0.016152          0.074444         0.009165
29             0.226228            0.004386           0.032431          0.000895            0.337792           0.015810          0.074444         0.008510
30             0.215301            0.004366           0.031389          0.000723            0.328949           0.015865          0.074028         0.008725
31             0.205111            0.004444           0.030243          0.000575            0.320637           0.015203          0.073472         0.008419
32             0.195596            0.004546           0.028924          0.001028            0.312937           0.015326          0.073333         0.009082
33             0.186784            0.004326           0.028229          0.001139            0.305827           0.015489          0.072639         0.008568
34             0.178411            0.004199           0.026944          0.001268            0.298813           0.015752          0.072639         0.008736
35             0.170785            0.004351           0.026215          0.001502            0.292935           0.015746          0.071944         0.009538
36             0.163417            0.004204           0.025313          0.001874            0.287028           0.015728          0.070417         0.008965
37             0.156483            0.004124           0.024236          0.001623            0.281778           0.015748          0.070556         0.009177
38             0.150067            0.004078           0.023611          0.001502            0.276929           0.016026          0.069167         0.009323
39             0.143766            0.003828           0.022639          0.001356            0.272288           0.015956          0.069722         0.009261
40             0.137982            0.003785           0.021701          0.001457            0.267783           0.015865          0.068889         0.008384
41             0.132502            0.003752           0.020972          0.001044            0.263722           0.015947          0.068889         0.008778
42             0.127463            0.003758           0.019931          0.001511            0.260293           0.015845          0.069306         0.008555
43             0.122839            0.003773           0.019271          0.001299            0.257193           0.016010          0.069306         0.008091
44             0.118032            0.003681           0.018542          0.001225            0.254088           0.016185          0.069722         0.008489
45             0.113809            0.003643           0.018021          0.001117            0.251192           0.016285          0.068333         0.008363
46             0.109820            0.003552           0.017292          0.000862            0.248492           0.016361          0.068472         0.007740
47             0.105867            0.003394           0.016736          0.000855            0.245996           0.016227          0.067361         0.007569
48             0.102310            0.003420           0.015903          0.001085            0.243713           0.016010          0.066806         0.007355
49             0.098827            0.003261           0.015417          0.000874            0.241416           0.016111          0.067639         0.007131
50             0.095504            0.003295           0.014549          0.000795            0.239293           0.016027          0.067222         0.007433
51             0.092454            0.003260           0.014097          0.000846            0.237285           0.016166          0.067222         0.007355
52             0.089469            0.003194           0.013715          0.000769            0.235562           0.016325          0.067222         0.007394
53             0.086690            0.003232           0.013299          0.000741            0.233623           0.016123          0.066667         0.006986
54             0.083981            0.003092           0.012639          0.000802            0.232142           0.016419          0.066528         0.007262
55             0.081322            0.002946           0.012292          0.000772            0.230612           0.016719          0.066528         0.007074
56             0.078798            0.002934           0.011667          0.000832            0.229412           0.016990          0.066528         0.006186
57             0.076353            0.002937           0.011042          0.000826            0.227996           0.016989          0.066250         0.007628
58             0.074017            0.002874           0.010694          0.000819            0.226874           0.016970          0.066250         0.008236
59             0.071907            0.002781           0.010278          0.000635            0.225971           0.016988          0.066667         0.008229
60             0.069828            0.002711           0.009514          0.000564            0.225029           0.017129          0.066667         0.008087
61             0.067977            0.002612           0.009132          0.000577            0.224058           0.017104          0.066250         0.007265
62             0.065986            0.002537           0.008854          0.000621            0.223062           0.017099          0.066111         0.007394
63             0.064243            0.002524           0.008403          0.000627            0.222246           0.017249          0.065972         0.006818
64             0.062410            0.002440           0.008021          0.000431            0.221289           0.017196          0.065278         0.006986

Validation Accuracy: 0.94
Test Accuracy: 0.94

Classification Report:
              precision    recall  f1-score   support

           0       0.96      0.95      0.96       200
           1       0.99      1.00      0.99       200
           2       0.85      0.78      0.81       200
           3       1.00      1.00      1.00       200
           4       0.96      0.96      0.96       200
           5       0.96      0.96      0.96       200
           6       0.79      0.88      0.83       200
           7       0.98      0.92      0.95       200
           8       0.96      0.96      0.96       200
           9       0.96      0.94      0.95       200
          10       0.96      0.95      0.96       200
          11       0.93      0.98      0.96       200

    accuracy                           0.94      2400
   macro avg       0.94      0.94      0.94      2400
weighted avg       0.94      0.94      0.94      2400
