Dataset Loaded Successfully
First 5 Rows of the Dataset:
   Memory_PssTotal  Memory_PssClean  Memory_SharedDirty  Memory_PrivateDirty  Memory_SharedClean  ...  Logcat_total  Process_total                                               Hash        Category  Family
0            63259             2196               10980                52552               57840  ...          9375            189  0770ea0f5ea4f6f0b14b56d8abebca084a0a32442f21ff...  Trojan_Dropper  locker
1            46576             6416               11376                31952               71440  ...         16395            192  fd92bca00afe0fd0c87a05f7bc1a090534a41cea6bbfae...  Trojan_Dropper  locker
2            48711             5664               10364                34256               72104  ...         13413            191  0d705ac259b5f2adcdbbbe09f7881c72f2f9cbb5c65a20...  Trojan_Dropper  locker
3            51992             4664               10128                35748               80600  ...          7741            191  c56bf5b3b0e9f3ba60756b5ba61b1700f08724c3b52a12...  Trojan_Dropper  locker
4            53017             6092               10104                35220               79224  ...         10751            190  8c01a5ddefb149dba9cab42e76a2c420ce752c2213767d...  Trojan_Dropper  locker

[5 rows x 144 columns]

Dataset Information:
<class 'pandas.core.frame.DataFrame'>
RangeIndex: 10000 entries, 0 to 9999
Columns: 144 entries, Memory_PssTotal to Family
dtypes: int64(141), object(3)
memory usage: 11.0+ MB
None

Features (X) Preview:
   Memory_PssTotal  Memory_PssClean  Memory_SharedDirty  Memory_PrivateDirty  Memory_SharedClean  ...  Logcat_warning  Logcat_debug  Logcat_verbose  Logcat_total  Process_total
0            63259             2196               10980                52552               57840  ...            1965           847            2016          9375            189
1            46576             6416               11376                31952               71440  ...             776          2052             115         16395            192
2            48711             5664               10364                34256               72104  ...             110          3336            2093         13413            191
3            51992             4664               10128                35748               80600  ...            2276           115            2977          7741            191
4            53017             6092               10104                35220               79224  ...            2357          3130            1519         10751            190

[5 rows x 141 columns]

Labels (y) Preview:
0    locker
1    locker
2    locker
3    locker
4    locker
Name: Family, dtype: object

Labels After Encoding:
[2 2 2 2 2]

Features After Standardization (First 5 Rows):
[[-2.21088239e-03 -7.58588856e-01  1.55547638e-01  4.56267500e-01
  -1.62175709e+00 -6.83713854e-01  0.00000000e+00  1.13440822e+00
   1.23213827e+00  3.90035958e-01  2.35168032e-01  2.56863784e+00
   2.31312042e-01  3.14027237e-02 -6.56024140e-01  0.00000000e+00
   1.85021893e-01  5.47208915e-01  1.69397202e+00  3.94934063e-02
  -5.07963863e-01 -1.38153339e-01 -2.92549338e-01  0.00000000e+00
  -1.45814989e-02 -1.40812688e-02 -4.10327251e-01 -4.08470517e-01
   0.00000000e+00  0.00000000e+00 -1.99496054e-01 -7.33462244e-02
  -1.96723939e-01 -3.49763497e-01 -3.21426228e-02  0.00000000e+00
   0.00000000e+00  0.00000000e+00  0.00000000e+00  0.00000000e+00
  -2.65454867e-02 -7.94032241e-02 -3.67076621e-01 -2.33339749e-01
  -3.16193392e-01 -4.02580122e-02 -1.49982957e-01 -1.00005000e-02
  -2.93752299e-01 -1.00005000e-02 -4.55835297e-01 -1.28257278e-01
  -4.17279925e-02 -1.58751161e-01 -3.45330414e-01 -2.45428585e-02
  -2.12629967e-01 -2.00582984e-01 -3.37270463e-01 -4.54803577e-01
  -3.84042485e-01 -3.82056149e-01 -3.29014579e-01  0.00000000e+00
  -2.80586563e-01  0.00000000e+00 -8.98854777e-02 -4.68648791e-01
  -3.19148617e-01 -5.64929559e-01 -5.80248593e-01 -4.67420047e-01
  -5.42930119e-01 -7.12823990e-02 -3.01766178e-01 -4.30059269e-01
  -1.28263313e-01 -5.78799731e-01 -5.42329974e-01 -2.57161225e-01
  -2.69902107e-01 -2.73287353e-01 -1.32440868e-01 -4.02634718e-01
  -4.73082497e-02 -4.20685183e-02 -4.91948025e-02 -6.26678851e-02
  -2.70583870e-01 -3.84299931e-01 -1.00005000e-02 -4.69189427e-02
   0.00000000e+00  0.00000000e+00  0.00000000e+00  0.00000000e+00
  -2.93310826e-01  0.00000000e+00 -2.37976861e-01  0.00000000e+00
  -2.01894785e-01 -2.41243211e-02 -5.29496585e-01  0.00000000e+00
   0.00000000e+00 -4.66657445e-01 -3.16913729e-01 -1.86897496e-01
  -1.85424624e-01 -2.16510771e-01 -7.44033557e-02 -2.04336871e-01
   3.53349292e+00 -1.82693002e-01 -1.54986660e-01 -3.19533145e-01
  -4.43483650e-01 -9.47650263e-02 -3.08045445e-01 -7.05910552e-02
  -9.25302539e-02 -1.41435500e-02 -1.41435500e-02  0.00000000e+00
  -1.00005000e-02 -7.75834369e-01 -4.35243715e-01 -7.52825790e-01
  -1.50801334e-01 -2.08943478e-01 -1.80358286e-01 -3.23369768e-01
  -8.25651631e-01  6.96367759e-02  3.54362972e-01 -4.21541043e-01
  -1.88188361e-01 -7.66487808e-01 -1.49073138e-01 -5.97844566e-01
  -3.67008765e-01]
 [-5.71592628e-01 -3.75760725e-01  5.56913818e-01 -4.36270558e-01
  -8.67404770e-01 -2.66740475e-01  0.00000000e+00 -1.01118900e+00
  -1.02191556e+00 -6.46128649e-01 -3.29062429e-01 -3.11572267e-01
  -2.48488916e-01 -2.18618962e-01 -6.56024140e-01  0.00000000e+00
  -5.45318949e-01 -7.90964667e-01 -6.51377673e-01 -6.71346093e-01
  -5.07963863e-01 -1.38153339e-01 -2.92549338e-01  0.00000000e+00
  -1.45814989e-02 -1.40812688e-02 -4.10327251e-01 -4.08470517e-01
   0.00000000e+00  0.00000000e+00 -1.99496054e-01 -7.33462244e-02
  -1.96723939e-01 -3.49763497e-01 -3.21426228e-02  0.00000000e+00
   0.00000000e+00  0.00000000e+00  0.00000000e+00  0.00000000e+00
  -2.65454867e-02 -7.94032241e-02 -3.67076621e-01 -2.33339749e-01
  -3.16193392e-01 -4.02580122e-02 -1.49982957e-01 -1.00005000e-02
  -2.93752299e-01 -1.00005000e-02 -4.55835297e-01 -1.28257278e-01
  -4.17279925e-02 -1.58751161e-01 -3.45330414e-01 -2.45428585e-02
  -2.12629967e-01 -2.00582984e-01 -3.37270463e-01 -4.54803577e-01
  -3.84042485e-01 -3.82056149e-01 -3.29014579e-01  0.00000000e+00
  -2.80586563e-01  0.00000000e+00 -8.98854777e-02 -7.83505717e-01
  -3.19148617e-01 -5.64929559e-01 -5.80248593e-01 -6.50571196e-01
  -5.42930119e-01 -7.12823990e-02 -3.01766178e-01 -4.30059269e-01
  -1.28263313e-01 -5.78799731e-01 -5.42329974e-01 -2.57161225e-01
  -2.69902107e-01 -2.73287353e-01 -1.32440868e-01 -4.02634718e-01
  -4.73082497e-02 -4.20685183e-02 -4.91948025e-02 -6.26678851e-02
  -2.70583870e-01 -3.84299931e-01 -1.00005000e-02 -4.69189427e-02
   0.00000000e+00  0.00000000e+00  0.00000000e+00  0.00000000e+00
  -2.93310826e-01  0.00000000e+00 -2.37976861e-01  0.00000000e+00
  -2.01894785e-01 -2.41243211e-02 -5.29496585e-01  0.00000000e+00
   0.00000000e+00 -4.66657445e-01 -3.16913729e-01 -1.86897496e-01
  -1.85424624e-01 -2.16510771e-01 -7.44033557e-02 -2.04336871e-01
  -2.35566195e-01 -1.82693002e-01 -1.54986660e-01 -3.19533145e-01
  -5.11454400e-01 -9.47650263e-02 -3.08045445e-01 -7.05910552e-02
  -9.25302539e-02 -1.41435500e-02 -1.41435500e-02  0.00000000e+00
  -1.00005000e-02  6.28186019e-02 -4.35243715e-01  1.34848878e-01
  -1.50801334e-01 -2.08943478e-01 -1.80358286e-01 -3.23369768e-01
   1.64397690e-01  6.96367759e-02  4.82638470e-01  4.31961568e+00
  -8.99998306e-01 -1.18474067e-01 -1.27131976e+00  1.48301564e+00
   7.32807732e-01]
 [-4.98726235e-01 -4.43980335e-01 -4.68799752e-01 -3.36444942e-01
  -8.30574627e-01 -3.43469131e-01  0.00000000e+00 -6.90427737e-01
  -6.47392806e-01 -6.37924272e-01 -3.29062429e-01 -3.11572267e-01
  -2.48488916e-01 -2.18618962e-01 -6.56024140e-01  0.00000000e+00
  -5.45318949e-01 -7.90964667e-01 -6.51377673e-01 -6.71346093e-01
  -5.07963863e-01 -1.38153339e-01 -2.92549338e-01  0.00000000e+00
  -1.45814989e-02 -1.40812688e-02 -4.10327251e-01 -4.08470517e-01
   0.00000000e+00  0.00000000e+00 -1.99496054e-01 -7.33462244e-02
  -1.96723939e-01 -3.49763497e-01 -3.21426228e-02  0.00000000e+00
   0.00000000e+00  0.00000000e+00  0.00000000e+00  0.00000000e+00
  -2.65454867e-02 -7.94032241e-02 -3.67076621e-01 -2.33339749e-01
  -3.16193392e-01 -4.02580122e-02 -1.49982957e-01 -1.00005000e-02
  -2.93752299e-01 -1.00005000e-02 -4.55835297e-01 -1.28257278e-01
  -4.17279925e-02 -1.58751161e-01 -3.45330414e-01 -2.45428585e-02
  -2.12629967e-01 -2.00582984e-01 -3.37270463e-01 -4.54803577e-01
  -3.84042485e-01 -3.82056149e-01 -3.29014579e-01  0.00000000e+00
  -2.80586563e-01  0.00000000e+00 -8.98854777e-02 -7.83505717e-01
  -3.19148617e-01 -5.64929559e-01 -5.80248593e-01 -6.50571196e-01
  -5.42930119e-01 -7.12823990e-02 -3.01766178e-01 -4.30059269e-01
  -1.28263313e-01 -5.78799731e-01 -5.42329974e-01 -2.57161225e-01
  -2.69902107e-01 -2.73287353e-01 -1.32440868e-01 -4.02634718e-01
  -4.73082497e-02 -4.20685183e-02 -4.91948025e-02 -6.26678851e-02
  -2.70583870e-01 -3.84299931e-01 -1.00005000e-02 -4.69189427e-02
   0.00000000e+00  0.00000000e+00  0.00000000e+00  0.00000000e+00
  -2.93310826e-01  0.00000000e+00 -2.37976861e-01  0.00000000e+00
  -2.01894785e-01 -2.41243211e-02 -5.29496585e-01  0.00000000e+00
   0.00000000e+00 -4.66657445e-01 -3.16913729e-01 -1.86897496e-01
  -1.85424624e-01 -2.16510771e-01 -7.44033557e-02 -2.04336871e-01
  -2.35566195e-01 -1.82693002e-01 -1.54986660e-01 -3.19533145e-01
  -5.11454400e-01 -9.47650263e-02 -3.08045445e-01 -7.05910552e-02
  -9.25302539e-02 -1.41435500e-02 -1.41435500e-02  0.00000000e+00
  -1.00005000e-02  6.28186019e-02 -4.35243715e-01  1.34848878e-01
  -1.50801334e-01 -2.08943478e-01 -1.80358286e-01 -3.23369768e-01
  -8.25651631e-01 -1.01167962e+00 -7.69120576e-01  2.69842117e+00
  -1.29870766e+00  5.72023563e-01 -1.03616541e-01  5.99094683e-01
   3.66202233e-01]
 [-3.86747484e-01 -5.34697902e-01 -7.07997778e-01 -2.71800923e-01
  -3.59326297e-01 -2.66740475e-01  0.00000000e+00 -3.35054978e-01
  -1.96656154e-01 -7.68711700e-01 -1.67853726e-01  5.74646228e-01
   2.31312042e-01  3.14027237e-02 -6.56024140e-01  0.00000000e+00
  -8.05565948e-02  2.49837008e-01 -5.27938216e-01 -5.04089740e-01
  -5.07963863e-01 -1.38153339e-01 -2.92549338e-01  0.00000000e+00
  -1.45814989e-02 -1.40812688e-02 -4.10327251e-01 -4.08470517e-01
   0.00000000e+00  0.00000000e+00 -1.99496054e-01 -7.33462244e-02
  -1.96723939e-01 -3.49763497e-01 -3.21426228e-02  0.00000000e+00
   0.00000000e+00  0.00000000e+00  0.00000000e+00  0.00000000e+00
  -2.65454867e-02 -7.94032241e-02 -3.67076621e-01 -2.33339749e-01
  -3.16193392e-01 -4.02580122e-02 -1.49982957e-01 -1.00005000e-02
  -2.93752299e-01 -1.00005000e-02 -4.55835297e-01 -1.28257278e-01
  -4.17279925e-02 -1.58751161e-01 -3.45330414e-01 -2.45428585e-02
  -2.12629967e-01 -2.00582984e-01 -3.37270463e-01 -4.54803577e-01
  -3.84042485e-01 -3.82056149e-01 -3.29014579e-01  0.00000000e+00
  -2.80586563e-01  0.00000000e+00 -8.98854777e-02  1.02692161e+00
  -3.19148617e-01 -5.64929559e-01 -5.80248593e-01 -6.50571196e-01
   1.52320202e+00 -7.12823990e-02 -3.01766178e-01 -4.30059269e-01
  -1.28263313e-01 -5.78799731e-01 -5.42329974e-01 -2.57161225e-01
  -2.69902107e-01 -2.73287353e-01 -1.32440868e-01 -4.02634718e-01
  -4.73082497e-02 -4.20685183e-02 -4.91948025e-02 -6.26678851e-02
  -2.70583870e-01 -3.84299931e-01 -1.00005000e-02 -4.69189427e-02
   0.00000000e+00  0.00000000e+00  0.00000000e+00  0.00000000e+00
  -2.93310826e-01  0.00000000e+00 -2.37976861e-01  0.00000000e+00
  -2.01894785e-01 -2.41243211e-02 -5.29496585e-01  0.00000000e+00
   0.00000000e+00 -4.66657445e-01 -3.16913729e-01 -1.86897496e-01
  -1.85424624e-01 -2.16510771e-01 -7.44033557e-02 -2.04336871e-01
  -2.35566195e-01 -1.82693002e-01 -1.54986660e-01 -3.19533145e-01
  -3.75512901e-01 -9.47650263e-02 -3.08045445e-01 -7.05910552e-02
  -9.25302539e-02 -1.41435500e-02 -1.41435500e-02  0.00000000e+00
  -1.00005000e-02  1.67650223e-01 -4.35243715e-01 -4.19947790e-01
  -1.50801334e-01 -2.08943478e-01 -1.80358286e-01 -3.23369768e-01
  -3.30626971e-01  6.96367759e-02 -7.40508940e-01 -3.54563146e-01
  -2.00426284e-03 -1.16013599e+00  4.18248803e-01 -1.08219294e+00
   3.66202233e-01]
 [-3.51764790e-01 -4.05153216e-01 -7.32323001e-01 -2.94677627e-01
  -4.35649002e-01 -1.89317441e-01  0.00000000e+00 -3.39999478e-01
  -2.52365179e-01 -5.73737084e-01 -2.00095467e-01  1.31536980e-01
   2.31312042e-01  3.14027237e-02 -6.56024140e-01  0.00000000e+00
  -3.46135083e-01 -4.75348993e-02 -4.04498758e-01 -4.20461564e-01
  -5.07963863e-01 -1.38153339e-01 -2.92549338e-01  0.00000000e+00
  -1.45814989e-02 -1.40812688e-02 -4.10327251e-01 -4.08470517e-01
   0.00000000e+00  0.00000000e+00 -1.99496054e-01 -7.33462244e-02
  -1.96723939e-01 -3.49763497e-01 -3.21426228e-02  0.00000000e+00
   0.00000000e+00  0.00000000e+00  0.00000000e+00  0.00000000e+00
  -2.65454867e-02 -7.94032241e-02 -3.67076621e-01 -2.33339749e-01
  -3.16193392e-01 -4.02580122e-02 -1.49982957e-01 -1.00005000e-02
  -2.93752299e-01 -1.00005000e-02 -4.55835297e-01 -1.28257278e-01
  -4.17279925e-02 -1.58751161e-01 -3.45330414e-01 -2.45428585e-02
  -2.12629967e-01 -2.00582984e-01 -3.37270463e-01 -4.54803577e-01
  -3.84042485e-01 -3.82056149e-01 -3.29014579e-01  0.00000000e+00
  -2.80586563e-01  0.00000000e+00 -8.98854777e-02  1.57792123e+00
  -3.19148617e-01 -5.64929559e-01 -5.80248593e-01 -4.67420047e-01
   1.97236118e+00 -7.12823990e-02 -3.01766178e-01 -4.30059269e-01
  -1.28263313e-01 -5.78799731e-01 -5.42329974e-01 -2.57161225e-01
  -2.69902107e-01 -2.73287353e-01 -1.32440868e-01 -4.02634718e-01
  -4.73082497e-02 -4.20685183e-02 -4.91948025e-02 -6.26678851e-02
  -2.70583870e-01 -3.84299931e-01 -1.00005000e-02 -4.69189427e-02
   0.00000000e+00  0.00000000e+00  0.00000000e+00  0.00000000e+00
  -2.93310826e-01  0.00000000e+00 -2.37976861e-01  0.00000000e+00
  -2.01894785e-01 -2.41243211e-02 -5.29496585e-01  0.00000000e+00
   0.00000000e+00 -4.66657445e-01 -3.16913729e-01 -1.86897496e-01
  -1.85424624e-01 -2.16510771e-01 -7.44033557e-02 -2.04336871e-01
  -2.35566195e-01 -1.82693002e-01 -1.54986660e-01 -3.19533145e-01
  -3.07542152e-01 -9.47650263e-02 -3.08045445e-01 -7.05910552e-02
  -9.25302539e-02 -1.41435500e-02 -1.41435500e-02  0.00000000e+00
  -1.00005000e-02  4.82145087e-01 -4.35243715e-01 -1.98029123e-01
  -1.50801334e-01 -2.08943478e-01 -1.80358286e-01 -3.23369768e-01
   1.64397690e-01  6.96367759e-02  2.57560272e-01 -7.50391538e-01
   4.64874155e-02  4.61242791e-01 -4.42474807e-01 -1.89972252e-01
  -4.03266049e-04]]

Data Split into Training and Testing Sets
Training Set Size: 7000 samples
Testing Set Size: 3000 samples

Decision Tree Classifier Trained Successfully

Model Evaluation:
Model Accuracy: 89.97%

Classification Report:
              precision    recall  f1-score   support

     airpush       0.92      0.94      0.93       288
       inoco       0.98      0.99      0.99       265
      locker       0.76      0.81      0.78       318
    mytrackp       1.00      1.00      1.00       320
      shedun       0.90      0.87      0.89       324
     skymobi       0.89      0.91      0.90       290
     slocker       0.78      0.73      0.76       303
      smforw       0.91      0.93      0.92       292
    smsagent       0.96      0.91      0.94       292
      smsreg       0.91      0.92      0.91       308

    accuracy                           0.90      3000
   macro avg       0.90      0.90      0.90      3000
weighted avg       0.90      0.90      0.90      3000


Confusion Matrix:
[[270   0   0   0   2   0   4   5   2   5]
 [  0 263   0   0   0   0   0   0   0   2]
 [  0   0 256   0   0   0  51   8   2   1]
 [  0   0   0 319   0   0   1   0   0   0]
 [  3   0   0   1 283  31   0   0   0   6]
 [  1   0   2   0  23 264   0   0   0   0]
 [  2   1  67   0   1   0 222   5   3   2]
 [  5   1   5   0   0   0   4 273   1   3]
 [  5   2   2   0   1   0   1   5 267   9]
 [  9   1   3   0   3   2   1   4   3 282]]
